{
    "ee_init_position": [
        0.05,
        0.05
    ],
    "ee_goal_position": [
        -0.006,
        -0.025
    ],
    "image_datas": [
        {
            "time": 0.0,
            "c2w": [
                [
                    0.5547002332981347,
                    -0.5321811588161967,
                    0.6396020905540626,
                    0.2999999918538733
                ],
                [
                    0.8320503003693286,
                    0.35478745191855127,
                    -0.42640140897552603,
                    -0.3000000053146293
                ],
                [
                    -2.0128762401935783e-08,
                    0.7687061322723487,
                    0.6396021306657629,
                    0.29999998130549455
                ]
            ],
            "intrinsic": [
                [
                    965.685424949238,
                    0.0,
                    400.0
                ],
                [
                    0.0,
                    965.685424949238,
                    400.0
                ],
                [
                    0.0,
                    0.0,
                    1.0
                ]
            ],
            "file_path": "dynamic_data_train/train0/r_0_0.png"
        },
        {
            "time": 0.041666666666666664,
            "c2w": [
                [
                    0.5547002332981347,
                    -0.5321811588161967,
                    0.6396020905540626,
                    0.2999999918538733
                ],
                [
                    0.8320503003693286,
                    0.35478745191855127,
                    -0.42640140897552603,
                    -0.3000000053146293
                ],
                [
                    -2.0128762401935783e-08,
                    0.7687061322723487,
                    0.6396021306657629,
                    0.29999998130549455
                ]
            ],
            "intrinsic": [
                [
                    965.685424949238,
                    0.0,
                    400.0
                ],
                [
                    0.0,
                    965.685424949238,
                    400.0
                ],
                [
                    0.0,
                    0.0,
                    1.0
                ]
            ],
            "file_path": "dynamic_data_train/train0/r_0_1.png"
        },
        {
            "time": 0.08333333333333333,
            "c2w": [
                [
                    0.5547002332981347,
                    -0.5321811588161967,
                    0.6396020905540626,
                    0.2999999918538733
                ],
                [
                    0.8320503003693286,
                    0.35478745191855127,
                    -0.42640140897552603,
                    -0.3000000053146293
                ],
                [
                    -2.0128762401935783e-08,
                    0.7687061322723487,
                    0.6396021306657629,
                    0.29999998130549455
                ]
            ],
            "intrinsic": [
                [
                    965.685424949238,
                    0.0,
                    400.0
                ],
                [
                    0.0,
                    965.685424949238,
                    400.0
                ],
                [
                    0.0,
                    0.0,
                    1.0
                ]
            ],
            "file_path": "dynamic_data_train/train0/r_0_2.png"
        },
        {
            "time": 0.125,
            "c2w": [
                [
                    0.5547002332981347,
                    -0.5321811588161967,
                    0.6396020905540626,
                    0.2999999918538733
                ],
                [
                    0.8320503003693286,
                    0.35478745191855127,
                    -0.42640140897552603,
                    -0.3000000053146293
                ],
                [
                    -2.0128762401935783e-08,
                    0.7687061322723487,
                    0.6396021306657629,
                    0.29999998130549455
                ]
            ],
            "intrinsic": [
                [
                    965.685424949238,
                    0.0,
                    400.0
                ],
                [
                    0.0,
                    965.685424949238,
                    400.0
                ],
                [
                    0.0,
                    0.0,
                    1.0
                ]
            ],
            "file_path": "dynamic_data_train/train0/r_0_3.png"
        },
        {
            "time": 0.16666666666666666,
            "c2w": [
                [
                    0.5547002332981347,
                    -0.5321811588161967,
                    0.6396020905540626,
                    0.2999999918538733
                ],
                [
                    0.8320503003693286,
                    0.35478745191855127,
                    -0.42640140897552603,
                    -0.3000000053146293
                ],
                [
                    -2.0128762401935783e-08,
                    0.7687061322723487,
                    0.6396021306657629,
                    0.29999998130549455
                ]
            ],
            "intrinsic": [
                [
                    965.685424949238,
                    0.0,
                    400.0
                ],
                [
                    0.0,
                    965.685424949238,
                    400.0
                ],
                [
                    0.0,
                    0.0,
                    1.0
                ]
            ],
            "file_path": "dynamic_data_train/train0/r_0_4.png"
        },
        {
            "time": 0.20833333333333331,
            "c2w": [
                [
                    0.5547002332981347,
                    -0.5321811588161967,
                    0.6396020905540626,
                    0.2999999918538733
                ],
                [
                    0.8320503003693286,
                    0.35478745191855127,
                    -0.42640140897552603,
                    -0.3000000053146293
                ],
                [
                    -2.0128762401935783e-08,
                    0.7687061322723487,
                    0.6396021306657629,
                    0.29999998130549455
                ]
            ],
            "intrinsic": [
                [
                    965.685424949238,
                    0.0,
                    400.0
                ],
                [
                    0.0,
                    965.685424949238,
                    400.0
                ],
                [
                    0.0,
                    0.0,
                    1.0
                ]
            ],
            "file_path": "dynamic_data_train/train0/r_0_5.png"
        },
        {
            "time": 0.25,
            "c2w": [
                [
                    0.5547002332981347,
                    -0.5321811588161967,
                    0.6396020905540626,
                    0.2999999918538733
                ],
                [
                    0.8320503003693286,
                    0.35478745191855127,
                    -0.42640140897552603,
                    -0.3000000053146293
                ],
                [
                    -2.0128762401935783e-08,
                    0.7687061322723487,
                    0.6396021306657629,
                    0.29999998130549455
                ]
            ],
            "intrinsic": [
                [
                    965.685424949238,
                    0.0,
                    400.0
                ],
                [
                    0.0,
                    965.685424949238,
                    400.0
                ],
                [
                    0.0,
                    0.0,
                    1.0
                ]
            ],
            "file_path": "dynamic_data_train/train0/r_0_6.png"
        },
        {
            "time": 0.29166666666666663,
            "c2w": [
                [
                    0.5547002332981347,
                    -0.5321811588161967,
                    0.6396020905540626,
                    0.2999999918538733
                ],
                [
                    0.8320503003693286,
                    0.35478745191855127,
                    -0.42640140897552603,
                    -0.3000000053146293
                ],
                [
                    -2.0128762401935783e-08,
                    0.7687061322723487,
                    0.6396021306657629,
                    0.29999998130549455
                ]
            ],
            "intrinsic": [
                [
                    965.685424949238,
                    0.0,
                    400.0
                ],
                [
                    0.0,
                    965.685424949238,
                    400.0
                ],
                [
                    0.0,
                    0.0,
                    1.0
                ]
            ],
            "file_path": "dynamic_data_train/train0/r_0_7.png"
        },
        {
            "time": 0.3333333333333333,
            "c2w": [
                [
                    0.5547002332981347,
                    -0.5321811588161967,
                    0.6396020905540626,
                    0.2999999918538733
                ],
                [
                    0.8320503003693286,
                    0.35478745191855127,
                    -0.42640140897552603,
                    -0.3000000053146293
                ],
                [
                    -2.0128762401935783e-08,
                    0.7687061322723487,
                    0.6396021306657629,
                    0.29999998130549455
                ]
            ],
            "intrinsic": [
                [
                    965.685424949238,
                    0.0,
                    400.0
                ],
                [
                    0.0,
                    965.685424949238,
                    400.0
                ],
                [
                    0.0,
                    0.0,
                    1.0
                ]
            ],
            "file_path": "dynamic_data_train/train0/r_0_8.png"
        },
        {
            "time": 0.375,
            "c2w": [
                [
                    0.5547002332981347,
                    -0.5321811588161967,
                    0.6396020905540626,
                    0.2999999918538733
                ],
                [
                    0.8320503003693286,
                    0.35478745191855127,
                    -0.42640140897552603,
                    -0.3000000053146293
                ],
                [
                    -2.0128762401935783e-08,
                    0.7687061322723487,
                    0.6396021306657629,
                    0.29999998130549455
                ]
            ],
            "intrinsic": [
                [
                    965.685424949238,
                    0.0,
                    400.0
                ],
                [
                    0.0,
                    965.685424949238,
                    400.0
                ],
                [
                    0.0,
                    0.0,
                    1.0
                ]
            ],
            "file_path": "dynamic_data_train/train0/r_0_9.png"
        },
        {
            "time": 0.41666666666666663,
            "c2w": [
                [
                    0.5547002332981347,
                    -0.5321811588161967,
                    0.6396020905540626,
                    0.2999999918538733
                ],
                [
                    0.8320503003693286,
                    0.35478745191855127,
                    -0.42640140897552603,
                    -0.3000000053146293
                ],
                [
                    -2.0128762401935783e-08,
                    0.7687061322723487,
                    0.6396021306657629,
                    0.29999998130549455
                ]
            ],
            "intrinsic": [
                [
                    965.685424949238,
                    0.0,
                    400.0
                ],
                [
                    0.0,
                    965.685424949238,
                    400.0
                ],
                [
                    0.0,
                    0.0,
                    1.0
                ]
            ],
            "file_path": "dynamic_data_train/train0/r_0_10.png"
        },
        {
            "time": 0.4583333333333333,
            "c2w": [
                [
                    0.5547002332981347,
                    -0.5321811588161967,
                    0.6396020905540626,
                    0.2999999918538733
                ],
                [
                    0.8320503003693286,
                    0.35478745191855127,
                    -0.42640140897552603,
                    -0.3000000053146293
                ],
                [
                    -2.0128762401935783e-08,
                    0.7687061322723487,
                    0.6396021306657629,
                    0.29999998130549455
                ]
            ],
            "intrinsic": [
                [
                    965.685424949238,
                    0.0,
                    400.0
                ],
                [
                    0.0,
                    965.685424949238,
                    400.0
                ],
                [
                    0.0,
                    0.0,
                    1.0
                ]
            ],
            "file_path": "dynamic_data_train/train0/r_0_11.png"
        },
        {
            "time": 0.5,
            "c2w": [
                [
                    0.5547002332981347,
                    -0.5321811588161967,
                    0.6396020905540626,
                    0.2999999918538733
                ],
                [
                    0.8320503003693286,
                    0.35478745191855127,
                    -0.42640140897552603,
                    -0.3000000053146293
                ],
                [
                    -2.0128762401935783e-08,
                    0.7687061322723487,
                    0.6396021306657629,
                    0.29999998130549455
                ]
            ],
            "intrinsic": [
                [
                    965.685424949238,
                    0.0,
                    400.0
                ],
                [
                    0.0,
                    965.685424949238,
                    400.0
                ],
                [
                    0.0,
                    0.0,
                    1.0
                ]
            ],
            "file_path": "dynamic_data_train/train0/r_0_12.png"
        },
        {
            "time": 0.5416666666666666,
            "c2w": [
                [
                    0.5547002332981347,
                    -0.5321811588161967,
                    0.6396020905540626,
                    0.2999999918538733
                ],
                [
                    0.8320503003693286,
                    0.35478745191855127,
                    -0.42640140897552603,
                    -0.3000000053146293
                ],
                [
                    -2.0128762401935783e-08,
                    0.7687061322723487,
                    0.6396021306657629,
                    0.29999998130549455
                ]
            ],
            "intrinsic": [
                [
                    965.685424949238,
                    0.0,
                    400.0
                ],
                [
                    0.0,
                    965.685424949238,
                    400.0
                ],
                [
                    0.0,
                    0.0,
                    1.0
                ]
            ],
            "file_path": "dynamic_data_train/train0/r_0_13.png"
        },
        {
            "time": 0.5833333333333333,
            "c2w": [
                [
                    0.5547002332981347,
                    -0.5321811588161967,
                    0.6396020905540626,
                    0.2999999918538733
                ],
                [
                    0.8320503003693286,
                    0.35478745191855127,
                    -0.42640140897552603,
                    -0.3000000053146293
                ],
                [
                    -2.0128762401935783e-08,
                    0.7687061322723487,
                    0.6396021306657629,
                    0.29999998130549455
                ]
            ],
            "intrinsic": [
                [
                    965.685424949238,
                    0.0,
                    400.0
                ],
                [
                    0.0,
                    965.685424949238,
                    400.0
                ],
                [
                    0.0,
                    0.0,
                    1.0
                ]
            ],
            "file_path": "dynamic_data_train/train0/r_0_14.png"
        },
        {
            "time": 0.625,
            "c2w": [
                [
                    0.5547002332981347,
                    -0.5321811588161967,
                    0.6396020905540626,
                    0.2999999918538733
                ],
                [
                    0.8320503003693286,
                    0.35478745191855127,
                    -0.42640140897552603,
                    -0.3000000053146293
                ],
                [
                    -2.0128762401935783e-08,
                    0.7687061322723487,
                    0.6396021306657629,
                    0.29999998130549455
                ]
            ],
            "intrinsic": [
                [
                    965.685424949238,
                    0.0,
                    400.0
                ],
                [
                    0.0,
                    965.685424949238,
                    400.0
                ],
                [
                    0.0,
                    0.0,
                    1.0
                ]
            ],
            "file_path": "dynamic_data_train/train0/r_0_15.png"
        },
        {
            "time": 0.6666666666666666,
            "c2w": [
                [
                    0.5547002332981347,
                    -0.5321811588161967,
                    0.6396020905540626,
                    0.2999999918538733
                ],
                [
                    0.8320503003693286,
                    0.35478745191855127,
                    -0.42640140897552603,
                    -0.3000000053146293
                ],
                [
                    -2.0128762401935783e-08,
                    0.7687061322723487,
                    0.6396021306657629,
                    0.29999998130549455
                ]
            ],
            "intrinsic": [
                [
                    965.685424949238,
                    0.0,
                    400.0
                ],
                [
                    0.0,
                    965.685424949238,
                    400.0
                ],
                [
                    0.0,
                    0.0,
                    1.0
                ]
            ],
            "file_path": "dynamic_data_train/train0/r_0_16.png"
        },
        {
            "time": 0.7083333333333333,
            "c2w": [
                [
                    0.5547002332981347,
                    -0.5321811588161967,
                    0.6396020905540626,
                    0.2999999918538733
                ],
                [
                    0.8320503003693286,
                    0.35478745191855127,
                    -0.42640140897552603,
                    -0.3000000053146293
                ],
                [
                    -2.0128762401935783e-08,
                    0.7687061322723487,
                    0.6396021306657629,
                    0.29999998130549455
                ]
            ],
            "intrinsic": [
                [
                    965.685424949238,
                    0.0,
                    400.0
                ],
                [
                    0.0,
                    965.685424949238,
                    400.0
                ],
                [
                    0.0,
                    0.0,
                    1.0
                ]
            ],
            "file_path": "dynamic_data_train/train0/r_0_17.png"
        },
        {
            "time": 0.75,
            "c2w": [
                [
                    0.5547002332981347,
                    -0.5321811588161967,
                    0.6396020905540626,
                    0.2999999918538733
                ],
                [
                    0.8320503003693286,
                    0.35478745191855127,
                    -0.42640140897552603,
                    -0.3000000053146293
                ],
                [
                    -2.0128762401935783e-08,
                    0.7687061322723487,
                    0.6396021306657629,
                    0.29999998130549455
                ]
            ],
            "intrinsic": [
                [
                    965.685424949238,
                    0.0,
                    400.0
                ],
                [
                    0.0,
                    965.685424949238,
                    400.0
                ],
                [
                    0.0,
                    0.0,
                    1.0
                ]
            ],
            "file_path": "dynamic_data_train/train0/r_0_18.png"
        },
        {
            "time": 0.7916666666666666,
            "c2w": [
                [
                    0.5547002332981347,
                    -0.5321811588161967,
                    0.6396020905540626,
                    0.2999999918538733
                ],
                [
                    0.8320503003693286,
                    0.35478745191855127,
                    -0.42640140897552603,
                    -0.3000000053146293
                ],
                [
                    -2.0128762401935783e-08,
                    0.7687061322723487,
                    0.6396021306657629,
                    0.29999998130549455
                ]
            ],
            "intrinsic": [
                [
                    965.685424949238,
                    0.0,
                    400.0
                ],
                [
                    0.0,
                    965.685424949238,
                    400.0
                ],
                [
                    0.0,
                    0.0,
                    1.0
                ]
            ],
            "file_path": "dynamic_data_train/train0/r_0_19.png"
        },
        {
            "time": 0.8333333333333333,
            "c2w": [
                [
                    0.5547002332981347,
                    -0.5321811588161967,
                    0.6396020905540626,
                    0.2999999918538733
                ],
                [
                    0.8320503003693286,
                    0.35478745191855127,
                    -0.42640140897552603,
                    -0.3000000053146293
                ],
                [
                    -2.0128762401935783e-08,
                    0.7687061322723487,
                    0.6396021306657629,
                    0.29999998130549455
                ]
            ],
            "intrinsic": [
                [
                    965.685424949238,
                    0.0,
                    400.0
                ],
                [
                    0.0,
                    965.685424949238,
                    400.0
                ],
                [
                    0.0,
                    0.0,
                    1.0
                ]
            ],
            "file_path": "dynamic_data_train/train0/r_0_20.png"
        },
        {
            "time": 0.875,
            "c2w": [
                [
                    0.5547002332981347,
                    -0.5321811588161967,
                    0.6396020905540626,
                    0.2999999918538733
                ],
                [
                    0.8320503003693286,
                    0.35478745191855127,
                    -0.42640140897552603,
                    -0.3000000053146293
                ],
                [
                    -2.0128762401935783e-08,
                    0.7687061322723487,
                    0.6396021306657629,
                    0.29999998130549455
                ]
            ],
            "intrinsic": [
                [
                    965.685424949238,
                    0.0,
                    400.0
                ],
                [
                    0.0,
                    965.685424949238,
                    400.0
                ],
                [
                    0.0,
                    0.0,
                    1.0
                ]
            ],
            "file_path": "dynamic_data_train/train0/r_0_21.png"
        },
        {
            "time": 0.9166666666666666,
            "c2w": [
                [
                    0.5547002332981347,
                    -0.5321811588161967,
                    0.6396020905540626,
                    0.2999999918538733
                ],
                [
                    0.8320503003693286,
                    0.35478745191855127,
                    -0.42640140897552603,
                    -0.3000000053146293
                ],
                [
                    -2.0128762401935783e-08,
                    0.7687061322723487,
                    0.6396021306657629,
                    0.29999998130549455
                ]
            ],
            "intrinsic": [
                [
                    965.685424949238,
                    0.0,
                    400.0
                ],
                [
                    0.0,
                    965.685424949238,
                    400.0
                ],
                [
                    0.0,
                    0.0,
                    1.0
                ]
            ],
            "file_path": "dynamic_data_train/train0/r_0_22.png"
        },
        {
            "time": 0.9583333333333333,
            "c2w": [
                [
                    0.5547002332981347,
                    -0.5321811588161967,
                    0.6396020905540626,
                    0.2999999918538733
                ],
                [
                    0.8320503003693286,
                    0.35478745191855127,
                    -0.42640140897552603,
                    -0.3000000053146293
                ],
                [
                    -2.0128762401935783e-08,
                    0.7687061322723487,
                    0.6396021306657629,
                    0.29999998130549455
                ]
            ],
            "intrinsic": [
                [
                    965.685424949238,
                    0.0,
                    400.0
                ],
                [
                    0.0,
                    965.685424949238,
                    400.0
                ],
                [
                    0.0,
                    0.0,
                    1.0
                ]
            ],
            "file_path": "dynamic_data_train/train0/r_0_23.png"
        },
        {
            "time": 1.0,
            "c2w": [
                [
                    0.5547002332981347,
                    -0.5321811588161967,
                    0.6396020905540626,
                    0.2999999918538733
                ],
                [
                    0.8320503003693286,
                    0.35478745191855127,
                    -0.42640140897552603,
                    -0.3000000053146293
                ],
                [
                    -2.0128762401935783e-08,
                    0.7687061322723487,
                    0.6396021306657629,
                    0.29999998130549455
                ]
            ],
            "intrinsic": [
                [
                    965.685424949238,
                    0.0,
                    400.0
                ],
                [
                    0.0,
                    965.685424949238,
                    400.0
                ],
                [
                    0.0,
                    0.0,
                    1.0
                ]
            ],
            "file_path": "dynamic_data_train/train0/r_0_24.png"
        },
        {
            "time": 1.0416666666666665,
            "c2w": [
                [
                    0.5547002332981347,
                    -0.5321811588161967,
                    0.6396020905540626,
                    0.2999999918538733
                ],
                [
                    0.8320503003693286,
                    0.35478745191855127,
                    -0.42640140897552603,
                    -0.3000000053146293
                ],
                [
                    -2.0128762401935783e-08,
                    0.7687061322723487,
                    0.6396021306657629,
                    0.29999998130549455
                ]
            ],
            "intrinsic": [
                [
                    965.685424949238,
                    0.0,
                    400.0
                ],
                [
                    0.0,
                    965.685424949238,
                    400.0
                ],
                [
                    0.0,
                    0.0,
                    1.0
                ]
            ],
            "file_path": "dynamic_data_train/train0/r_0_25.png"
        },
        {
            "time": 1.0833333333333333,
            "c2w": [
                [
                    0.5547002332981347,
                    -0.5321811588161967,
                    0.6396020905540626,
                    0.2999999918538733
                ],
                [
                    0.8320503003693286,
                    0.35478745191855127,
                    -0.42640140897552603,
                    -0.3000000053146293
                ],
                [
                    -2.0128762401935783e-08,
                    0.7687061322723487,
                    0.6396021306657629,
                    0.29999998130549455
                ]
            ],
            "intrinsic": [
                [
                    965.685424949238,
                    0.0,
                    400.0
                ],
                [
                    0.0,
                    965.685424949238,
                    400.0
                ],
                [
                    0.0,
                    0.0,
                    1.0
                ]
            ],
            "file_path": "dynamic_data_train/train0/r_0_26.png"
        },
        {
            "time": 1.125,
            "c2w": [
                [
                    0.5547002332981347,
                    -0.5321811588161967,
                    0.6396020905540626,
                    0.2999999918538733
                ],
                [
                    0.8320503003693286,
                    0.35478745191855127,
                    -0.42640140897552603,
                    -0.3000000053146293
                ],
                [
                    -2.0128762401935783e-08,
                    0.7687061322723487,
                    0.6396021306657629,
                    0.29999998130549455
                ]
            ],
            "intrinsic": [
                [
                    965.685424949238,
                    0.0,
                    400.0
                ],
                [
                    0.0,
                    965.685424949238,
                    400.0
                ],
                [
                    0.0,
                    0.0,
                    1.0
                ]
            ],
            "file_path": "dynamic_data_train/train0/r_0_27.png"
        },
        {
            "time": 1.1666666666666665,
            "c2w": [
                [
                    0.5547002332981347,
                    -0.5321811588161967,
                    0.6396020905540626,
                    0.2999999918538733
                ],
                [
                    0.8320503003693286,
                    0.35478745191855127,
                    -0.42640140897552603,
                    -0.3000000053146293
                ],
                [
                    -2.0128762401935783e-08,
                    0.7687061322723487,
                    0.6396021306657629,
                    0.29999998130549455
                ]
            ],
            "intrinsic": [
                [
                    965.685424949238,
                    0.0,
                    400.0
                ],
                [
                    0.0,
                    965.685424949238,
                    400.0
                ],
                [
                    0.0,
                    0.0,
                    1.0
                ]
            ],
            "file_path": "dynamic_data_train/train0/r_0_28.png"
        },
        {
            "time": 1.2083333333333333,
            "c2w": [
                [
                    0.5547002332981347,
                    -0.5321811588161967,
                    0.6396020905540626,
                    0.2999999918538733
                ],
                [
                    0.8320503003693286,
                    0.35478745191855127,
                    -0.42640140897552603,
                    -0.3000000053146293
                ],
                [
                    -2.0128762401935783e-08,
                    0.7687061322723487,
                    0.6396021306657629,
                    0.29999998130549455
                ]
            ],
            "intrinsic": [
                [
                    965.685424949238,
                    0.0,
                    400.0
                ],
                [
                    0.0,
                    965.685424949238,
                    400.0
                ],
                [
                    0.0,
                    0.0,
                    1.0
                ]
            ],
            "file_path": "dynamic_data_train/train0/r_0_29.png"
        },
        {
            "time": 1.25,
            "c2w": [
                [
                    0.5547002332981347,
                    -0.5321811588161967,
                    0.6396020905540626,
                    0.2999999918538733
                ],
                [
                    0.8320503003693286,
                    0.35478745191855127,
                    -0.42640140897552603,
                    -0.3000000053146293
                ],
                [
                    -2.0128762401935783e-08,
                    0.7687061322723487,
                    0.6396021306657629,
                    0.29999998130549455
                ]
            ],
            "intrinsic": [
                [
                    965.685424949238,
                    0.0,
                    400.0
                ],
                [
                    0.0,
                    965.685424949238,
                    400.0
                ],
                [
                    0.0,
                    0.0,
                    1.0
                ]
            ],
            "file_path": "dynamic_data_train/train0/r_0_30.png"
        },
        {
            "time": 1.2916666666666665,
            "c2w": [
                [
                    0.5547002332981347,
                    -0.5321811588161967,
                    0.6396020905540626,
                    0.2999999918538733
                ],
                [
                    0.8320503003693286,
                    0.35478745191855127,
                    -0.42640140897552603,
                    -0.3000000053146293
                ],
                [
                    -2.0128762401935783e-08,
                    0.7687061322723487,
                    0.6396021306657629,
                    0.29999998130549455
                ]
            ],
            "intrinsic": [
                [
                    965.685424949238,
                    0.0,
                    400.0
                ],
                [
                    0.0,
                    965.685424949238,
                    400.0
                ],
                [
                    0.0,
                    0.0,
                    1.0
                ]
            ],
            "file_path": "dynamic_data_train/train0/r_0_31.png"
        },
        {
            "time": -0.041666666666666664,
            "c2w": [
                [
                    0.5547002332981347,
                    -0.5321811588161967,
                    0.6396020905540626,
                    0.2999999918538733
                ],
                [
                    0.8320503003693286,
                    0.35478745191855127,
                    -0.42640140897552603,
                    -0.3000000053146293
                ],
                [
                    -2.0128762401935783e-08,
                    0.7687061322723487,
                    0.6396021306657629,
                    0.29999998130549455
                ]
            ],
            "intrinsic": [
                [
                    965.685424949238,
                    0.0,
                    400.0
                ],
                [
                    0.0,
                    965.685424949238,
                    400.0
                ],
                [
                    0.0,
                    0.0,
                    1.0
                ]
            ],
            "file_path": "dynamic_data_train/train0/r_0_-1.png"
        }
    ],
    "pose_datas": [
        [
            0.0,
            0.0,
            0.025,
            0.0,
            0.0,
            0.0,
            1.0
        ],
        [
            -0.006835640381113505,
            -0.00020256691503103727,
            0.026236874722314108,
            0.00019232719586960738,
            -0.0008548142938735068,
            0.039559993195840956,
            0.9992168129295652
        ],
        [
            -0.016995826581150186,
            -0.0005158927969406184,
            0.02672852917490907,
            -0.000380593439408651,
            0.00038706253781745325,
            0.09656807426812232,
            0.9953262341380198
        ],
        [
            -0.026594638104354522,
            -0.006145024868781723,
            0.026794725867726202,
            -0.0009664298648296004,
            0.001651266564539402,
            0.10053142607629824,
            0.994932043761339
        ],
        [
            -0.035749119030703005,
            -0.013921471026292051,
            0.026782710270655746,
            0.0003827655273373548,
            0.0006942778393742307,
            0.0815482107623194,
            0.9966690828907543
        ],
        [
            -0.04453038464326271,
            -0.02133273890511131,
            0.02690509563242236,
            -0.0006100240905602965,
            -0.0007638285771497359,
            0.06350708486680151,
            0.9979809089397625
        ],
        [
            -0.052934559338383244,
            -0.02839257353597108,
            0.026968666969019207,
            -0.0004918496601289343,
