[{"id": 0, "img_name": "m_0_0", "width": 800, "height": 800, "position": [2.449293360178445e-17, 0.39999998688697846, 0.2999999976158141], "rotation": [[-1.0, 3.6739401315109544e-17, -4.89858672035689e-17], [6.123233653715428e-17, 0.5999999952316282, -0.7999999737739569], [1.391690786560685e-24, -0.799999973773957, -0.5999999952316282]], "fy": 965.685424949238, "fx": 965.685424949238}, {"id": 1, "img_name": "m_1_0", "width": 800, "height": 800, "position": [-0.2162562989904309, 0.3365014107650086, 0.30000000841039937], "rotation": [[-0.8412535455974464, -0.3243845110667561, 0.43251263845606863], [-0.5406408054839812, 0.5047521308395133, -0.6730027742625283], [7.167166409687662e-09, -0.7999999993053283, -0.6000000406626571]], "fy": 965.685424949238, "fx": 965.685424949238}, {"id": 2, "img_name": "m_2_0", "width": 800, "height": 800, "position": [-0.36385278979436103, 0.16616600878677118, 0.299999993966479], "rotation": [[-0.4154150271935246, -0.5457792145116009, 0.7277055470577457], [-0.9096320140368739, 0.24924902679852218, -0.3323320027171427], [-9.393925906871068e-10, -0.800000003089816, -0.600000035616674]], "fy": 965.685424949238, "fx": 965.685424949238}, {"id": 3, "img_name": "m_3_0", "width": 800, "height": 800, "position": [-0.39592856827962647, -0.05692593035904324, 0.2999999810353881], "rotation": [[0.1423148216619528, -0.5938928096459273, 0.7918571188598678], [-0.9898213927963774, -0.08538888938866261, 0.11385185817329926], [-6.64728154829578e-10, -0.7999999211585666, -0.5999999859126317]], "fy": 965.685424949238, "fx": 965.685424949238}, {"id": 4, "img_name": "m_4_0", "width": 800, "height": 800, "position": [-0.302299812851486, -0.26194429597612123, 0.3000000050805618], "rotation": [[0.6548607384501984, -0.4534497688253006, 0.6045996317054869], [-0.755749560699106, -0.392916457322237, 0.5238885577193274], [1.0211925315851343e-08, -0.8000000043000857, -0.6000000340029813]], "fy": 965.685424949238, "fx": 965.685424949238}, {"id": 5, "img_name": "m_5_0", "width": 800, "height": 800, "position": [-0.11269301161009286, -0.38379717790721024, 0.29999999671773275], "rotation": [[0.9594929676514724, -0.16903952352035298, 0.2253860425555154], [-0.28173254815662374, -0.5756957479848952, 0.7675943687733482], [-1.0939044869606374e-08, -0.7999999333978325, -0.5999999695936097]], "fy": 965.685424949238, "fx": 965.685424949238}, {"id": 6, "img_name": "m_6_0", "width": 800, "height": 800, "position": [0.11269301161009286, -0.38379717790721024, 0.29999999671773275], "rotation": [[0.9594929676514724, 0.16903952352035298, -0.2253860425555154], [0.28173254815662374, -0.5756957479848952, 0.7675943687733482], [1.0939044869606374e-08, -0.7999999333978325, -0.5999999695936097]], "fy": 965.685424949238, "fx": 965.685424949238}, {"id": 7, "img_name": "m_7_0", "width": 800, "height": 800, "position": [0.302299812851486, -0.26194429597612123, 0.3000000050805618], "rotation": [[0.6548607384501984, 0.4534497688253006, -0.6045996317054869], [0.755749560699106, -0.392916457322237, 0.5238885577193274], [-1.0211925315851343e-08, -0.8000000043000857, -0.6000000340029813]], "fy": 965.685424949238, "fx": 965.685424949238}, {"id": 8, "img_name": "m_8_0", "width": 800, "height": 800, "position": [0.39592856827962647, -0.05692593035904324, 0.2999999810353881], "rotation": [[0.1423148216619528, 0.5938928096459273, -0.7918571188598678], [0.9898213927963774, -0.08538888938866261, 0.11385185817329926], [6.64728154829578e-10, -0.7999999211585666, -0.5999999859126317]], "fy": 965.685424949238, "fx": 965.685424949238}, {"id": 9, "img_name": "m_9_0", "width": 800, "height": 800, "position": [0.36385278979436103, 0.16616600878677118, 0.299999993966479], "rotation": [[-0.4154150271935246, 0.5457792145116009, -0.7277055470577457], [0.9096320140368739, 0.24924902679852218, -0.3323320027171427], [9.393925906871068e-10, -0.800000003089816, -0.600000035616674]], "fy": 965.685424949238, "fx": 965.685424949238}, {"id": 10, "img_name": "m_10_0", "width": 800, "height": 800, "position": [0.2162562989904309, 0.3365014107650086, 0.30000000841039937], "rotation": [[-0.8412535455974464, 0.3243845110667561, -0.43251263845606863], [0.5406408054839812, 0.5047521308395133, -0.6730027742625283], [-7.167166409687662e-09, -0.7999999993053283, -0.6000000406626571]], "fy": 965.685424949238, "fx": 965.685424949238}, {"id": 11, "img_name": "m_11_0", "width": 800, "height": 800, "position": [0.2999999918538733, -0.3000000053146293, 0.29999998130549443], "rotation": [[0.5547002332981348, 0.5321811588161968, -0.6396020905540626], [0.8320503003693286, -0.3547874519185514, 0.42640140897552603], [-2.0128762437440833e-08, -0.7687061322723487, -0.6396021306657629]], "fy": 965.685424949238, "fx": 965.685424949238}, {"id": 12, "img_name": "m_0_0", "width": 800, "height": 800, "position": [2.449293360178445e-17, 0.39999998688697846, 0.2999999976158141], "rotation": [[-1.0, 3.6739401315109544e-17, -4.89858672035689e-17], [6.123233653715428e-17, 0.5999999952316282, -0.7999999737739569], [1.391690786560685e-24, -0.799999973773957, -0.5999999952316282]], "fy": 965.685424949238, "fx": 965.685424949238}, {"id": 13, "img_name": "m_1_0", "width": 800, "height": 800, "position": [-0.2162562989904309, 0.3365014107650086, 0.30000000841039937], "rotation": [[-0.8412535455974464, -0.3243845110667561, 0.43251263845606863], [-0.5406408054839812, 0.5047521308395133, -0.6730027742625283], [7.167166409687662e-09, -0.7999999993053283, -0.6000000406626571]], "fy": 965.685424949238, "fx": 965.685424949238}, {"id": 14, "img_name": "m_2_0", "width": 800, "height": 800, "position": [-0.36385278979436103, 0.16616600878677118, 0.299999993966479], "rotation": [[-0.4154150271935246, -0.5457792145116009, 0.7277055470577457], [-0.9096320140368739, 0.24924902679852218, -0.3323320027171427], [-9.393925906871068e-10, -0.800000003089816, -0.600000035616674]], "fy": 965.685424949238, "fx": 965.685424949238}, {"id": 15, "img_name": "m_3_0", "width": 800, "height": 800, "position": [-0.39592856827962647, -0.05692593035904324, 0.2999999810353881], "rotation": [[0.1423148216619528, -0.5938928096459273, 0.7918571188598678], [-0.9898213927963774, -0.08538888938866261, 0.11385185817329926], [-6.64728154829578e-10, -0.7999999211585666, -0.5999999859126317]], "fy": 965.685424949238, "fx": 965.685424949238}, {"id": 16, "img_name": "m_4_0", "width": 800, "height": 800, "position": [-0.302299812851486, -0.26194429597612123, 0.3000000050805618], "rotation": [[0.6548607384501984, -0.4534497688253006, 0.6045996317054869], [-0.755749560699106, -0.392916457322237, 0.5238885577193274], [1.0211925315851343e-08, -0.8000000043000857, -0.6000000340029813]], "fy": 965.685424949238, "fx": 965.685424949238}, {"id": 17, "img_name": "m_5_0", "width": 800, "height": 800, "position": [-0.11269301161009286, -0.38379717790721024, 0.29999999671773275], "rotation": [[0.9594929676514724, -0.16903952352035298, 0.2253860425555154], [-0.28173254815662374, -0.5756957479848952, 0.7675943687733482], [-1.0939044869606374e-08, -0.7999999333978325, -0.5999999695936097]], "fy": 965.685424949238, "fx": 965.685424949238}, {"id": 18, "img_name": "m_6_0", "width": 800, "height": 800, "position": [0.11269301161009286, -0.38379717790721024, 0.29999999671773275], "rotation": [[0.9594929676514724, 0.16903952352035298, -0.2253860425555154], [0.28173254815662374, -0.5756957479848952, 0.7675943687733482], [1.0939044869606374e-08, -0.7999999333978325, -0.5999999695936097]], "fy": 965.685424949238, "fx": 965.685424949238}, {"id": 19, "img_name": "m_7_0", "width": 800, "height": 800, "position": [0.302299812851486, -0.26194429597612123, 0.3000000050805618], "rotation": [[0.6548607384501984, 0.4534497688253006, -0.6045996317054869], [0.755749560699106, -0.392916457322237, 0.5238885577193274], [-1.0211925315851343e-08, -0.8000000043000857, -0.6000000340029813]], "fy": 965.685424949238, "fx": 965.685424949238}, {"id": 20, "img_name": "m_8_0", "width": 800, "height": 800, "position": [0.39592856827962647, -0.05692593035904324, 0.2999999810353881], "rotation": [[0.1423148216619528, 0.5938928096459273, -0.7918571188598678], [0.9898213927963774, -0.08538888938866261, 0.11385185817329926], [6.64728154829578e-10, -0.7999999211585666, -0.5999999859126317]], "fy": 965.685424949238, "fx": 965.685424949238}, {"id": 21, "img_name": "m_9_0", "width": 800, "height": 800, "position": [0.36385278979436103, 0.16616600878677118, 0.299999993966479], "rotation": [[-0.4154150271935246, 0.5457792145116009, -0.7277055470577457], [0.9096320140368739, 0.24924902679852218, -0.3323320027171427], [9.393925906871068e-10, -0.800000003089816, -0.600000035616674]], "fy": 965.685424949238, "fx": 965.685424949238}, {"id": 22, "img_name": "m_10_0", "width": 800, "height": 800, "position": [0.2162562989904309, 0.3365014107650086, 0.30000000841039937], "rotation": [[-0.8412535455974464, 0.3243845110667561, -0.43251263845606863], [0.5406408054839812, 0.5047521308395133, -0.6730027742625283], [-7.167166409687662e-09, -0.7999999993053283, -0.6000000406626571]], "fy": 965.685424949238, "fx": 965.685424949238}, {"id": 23, "img_name": "m_11_0", "width": 800, "height": 800, "position": [0.2999999918538733, -0.3000000053146293, 0.29999998130549443], "rotation": [[0.5547002332981348, 0.5321811588161968, -0.6396020905540626], [0.8320503003693286, -0.3547874519185514, 0.42640140897552603], [-2.0128762437440833e-08, -0.7687061322723487, -0.6396021306657629]], "fy": 965.685424949238, "fx": 965.685424949238}]