{
    "ee_init_position": [
        0.05,
        0.05
    ],
    "ee_goal_position": [
        -0.006,
        0.039999999999999994
    ],
    "image_datas": [
        {
            "time": 0.0,
            "c2w": [
                [
                    0.5547002332981347,
                    -0.5321811588161967,
                    0.6396020905540626,
                    0.2999999918538733
                ],
                [
                    0.8320503003693286,
                    0.35478745191855127,
                    -0.42640140897552603,
                    -0.3000000053146293
                ],
                [
                    -2.0128762401935783e-08,
                    0.7687061322723487,
                    0.6396021306657629,
                    0.29999998130549455
                ]
            ],
            "intrinsic": [
                [
                    965.685424949238,
                    0.0,
                    400.0
                ],
                [
                    0.0,
                    965.685424949238,
                    400.0
                ],
                [
                    0.0,
                    0.0,
                    1.0
                ]
            ],
            "file_path": "dynamic_data_train/train0/r_0_0.png"
        },
        {
            "time": 0.041666666666666664,
            "c2w": [
                [
                    0.5547002332981347,
                    -0.5321811588161967,
                    0.6396020905540626,
                    0.2999999918538733
                ],
                [
                    0.8320503003693286,
                    0.35478745191855127,
                    -0.42640140897552603,
                    -0.3000000053146293
                ],
                [
                    -2.0128762401935783e-08,
                    0.7687061322723487,
                    0.6396021306657629,
                    0.29999998130549455
                ]
            ],
            "intrinsic": [
                [
                    965.685424949238,
                    0.0,
                    400.0
                ],
                [
                    0.0,
                    965.685424949238,
                    400.0
                ],
                [
                    0.0,
                    0.0,
                    1.0
                ]
            ],
            "file_path": "dynamic_data_train/train0/r_0_1.png"
        },
        {
            "time": 0.08333333333333333,
            "c2w": [
                [
                    0.5547002332981347,
                    -0.5321811588161967,
                    0.6396020905540626,
                    0.2999999918538733
                ],
                [
                    0.8320503003693286,
                    0.35478745191855127,
                    -0.42640140897552603,
                    -0.3000000053146293
                ],
                [
                    -2.0128762401935783e-08,
                    0.7687061322723487,
                    0.6396021306657629,
                    0.29999998130549455
                ]
            ],
            "intrinsic": [
                [
                    965.685424949238,
                    0.0,
                    400.0
                ],
                [
                    0.0,
                    965.685424949238,
                    400.0
                ],
                [
                    0.0,
                    0.0,
                    1.0
                ]
            ],
            "file_path": "dynamic_data_train/train0/r_0_2.png"
        },
        {
            "time": 0.125,
            "c2w": [
                [
                    0.5547002332981347,
                    -0.5321811588161967,
                    0.6396020905540626,
                    0.2999999918538733
                ],
                [
                    0.8320503003693286,
                    0.35478745191855127,
                    -0.42640140897552603,
                    -0.3000000053146293
                ],
                [
                    -2.0128762401935783e-08,
                    0.7687061322723487,
                    0.6396021306657629,
                    0.29999998130549455
                ]
            ],
            "intrinsic": [
                [
                    965.685424949238,
                    0.0,
                    400.0
                ],
                [
                    0.0,
                    965.685424949238,
                    400.0
                ],
                [
                    0.0,
                    0.0,
                    1.0
                ]
            ],
            "file_path": "dynamic_data_train/train0/r_0_3.png"
        },
        {
            "time": 0.16666666666666666,
            "c2w": [
                [
                    0.5547002332981347,
                    -0.5321811588161967,
                    0.6396020905540626,
                    0.2999999918538733
                ],
                [
                    0.8320503003693286,
                    0.35478745191855127,
                    -0.42640140897552603,
                    -0.3000000053146293
                ],
                [
                    -2.0128762401935783e-08,
                    0.7687061322723487,
                    0.6396021306657629,
                    0.29999998130549455
                ]
            ],
            "intrinsic": [
                [
                    965.685424949238,
                    0.0,
                    400.0
                ],
                [
                    0.0,
                    965.685424949238,
                    400.0
                ],
                [
                    0.0,
                    0.0,
                    1.0
                ]
            ],
            "file_path": "dynamic_data_train/train0/r_0_4.png"
        },
        {
            "time": 0.20833333333333331,
            "c2w": [
                [
                    0.5547002332981347,
                    -0.5321811588161967,
                    0.6396020905540626,
                    0.2999999918538733
                ],
                [
                    0.8320503003693286,
                    0.35478745191855127,
                    -0.42640140897552603,
                    -0.3000000053146293
                ],
                [
                    -2.0128762401935783e-08,
                    0.7687061322723487,
                    0.6396021306657629,
                    0.29999998130549455
                ]
            ],
            "intrinsic": [
                [
                    965.685424949238,
                    0.0,
                    400.0
                ],
                [
                    0.0,
                    965.685424949238,
                    400.0
                ],
                [
                    0.0,
                    0.0,
                    1.0
                ]
            ],
            "file_path": "dynamic_data_train/train0/r_0_5.png"
        },
        {
            "time": 0.25,
            "c2w": [
                [
                    0.5547002332981347,
                    -0.5321811588161967,
                    0.6396020905540626,
                    0.2999999918538733
                ],
                [
                    0.8320503003693286,
                    0.35478745191855127,
                    -0.42640140897552603,
                    -0.3000000053146293
                ],
                [
                    -2.0128762401935783e-08,
                    0.7687061322723487,
                    0.6396021306657629,
                    0.29999998130549455
                ]
            ],
            "intrinsic": [
                [
                    965.685424949238,
                    0.0,
                    400.0
                ],
                [
                    0.0,
                    965.685424949238,
                    400.0
                ],
                [
                    0.0,
                    0.0,
                    1.0
                ]
            ],
            "file_path": "dynamic_data_train/train0/r_0_6.png"
        },
        {
            "time": 0.29166666666666663,
            "c2w": [
                [
                    0.5547002332981347,
                    -0.5321811588161967,
                    0.6396020905540626,
                    0.2999999918538733
                ],
                [
                    0.8320503003693286,
                    0.35478745191855127,
                    -0.42640140897552603,
                    -0.3000000053146293
                ],
                [
                    -2.0128762401935783e-08,
                    0.7687061322723487,
                    0.6396021306657629,
                    0.29999998130549455
                ]
            ],
            "intrinsic": [
                [
                    965.685424949238,
                    0.0,
                    400.0
                ],
                [
                    0.0,
                    965.685424949238,
                    400.0
                ],
                [
                    0.0,
                    0.0,
                    1.0
                ]
            ],
            "file_path": "dynamic_data_train/train0/r_0_7.png"
        },
        {
            "time": 0.3333333333333333,
            "c2w": [
                [
                    0.5547002332981347,
                    -0.5321811588161967,
                    0.6396020905540626,
                    0.2999999918538733
                ],
                [
                    0.8320503003693286,
                    0.35478745191855127,
                    -0.42640140897552603,
                    -0.3000000053146293
                ],
                [
                    -2.0128762401935783e-08,
                    0.7687061322723487,
                    0.6396021306657629,
                    0.29999998130549455
                ]
            ],
            "intrinsic": [
                [
                    965.685424949238,
                    0.0,
                    400.0
                ],
                [
                    0.0,
                    965.685424949238,
                    400.0
                ],
                [
                    0.0,
                    0.0,
                    1.0
                ]
            ],
            "file_path": "dynamic_data_train/train0/r_0_8.png"
        },
        {
            "time": 0.375,
            "c2w": [
                [
                    0.5547002332981347,
                    -0.5321811588161967,
                    0.6396020905540626,
                    0.2999999918538733
                ],
                [
                    0.8320503003693286,
                    0.35478745191855127,
                    -0.42640140897552603,
                    -0.3000000053146293
                ],
                [
                    -2.0128762401935783e-08,
                    0.7687061322723487,
                    0.6396021306657629,
                    0.29999998130549455
                ]
            ],
            "intrinsic": [
                [
                    965.685424949238,
                    0.0,
                    400.0
                ],
                [
                    0.0,
                    965.685424949238,
                    400.0
                ],
                [
                    0.0,
                    0.0,
                    1.0
                ]
            ],
            "file_path": "dynamic_data_train/train0/r_0_9.png"
        },
        {
            "time": 0.41666666666666663,
            "c2w": [
                [
                    0.5547002332981347,
                    -0.5321811588161967,
                    0.6396020905540626,
                    0.2999999918538733
                ],
                [
                    0.8320503003693286,
                    0.35478745191855127,
                    -0.42640140897552603,
                    -0.3000000053146293
                ],
                [
                    -2.0128762401935783e-08,
                    0.7687061322723487,
                    0.6396021306657629,
                    0.29999998130549455
                ]
            ],
            "intrinsic": [
                [
                    965.685424949238,
                    0.0,
                    400.0
                ],
                [
                    0.0,
                    965.685424949238,
                    400.0
                ],
                [
                    0.0,
                    0.0,
                    1.0
                ]
            ],
            "file_path": "dynamic_data_train/train0/r_0_10.png"
        },
        {
            "time": 0.4583333333333333,
            "c2w": [
                [
                    0.5547002332981347,
                    -0.5321811588161967,
                    0.6396020905540626,
                    0.2999999918538733
                ],
                [
                    0.8320503003693286,
                    0.35478745191855127,
                    -0.42640140897552603,
                    -0.3000000053146293
                ],
                [
                    -2.0128762401935783e-08,
                    0.7687061322723487,
                    0.6396021306657629,
                    0.29999998130549455
                ]
            ],
            "intrinsic": [
                [
                    965.685424949238,
                    0.0,
                    400.0
                ],
                [
                    0.0,
                    965.685424949238,
                    400.0
                ],
                [
                    0.0,
                    0.0,
                    1.0
                ]
            ],
            "file_path": "dynamic_data_train/train0/r_0_11.png"
        },
        {
            "time": 0.5,
            "c2w": [
                [
                    0.5547002332981347,
                    -0.5321811588161967,
                    0.6396020905540626,
                    0.2999999918538733
                ],
                [
                    0.8320503003693286,
                    0.35478745191855127,
                    -0.42640140897552603,
                    -0.3000000053146293
                ],
                [
                    -2.0128762401935783e-08,
                    0.7687061322723487,
                    0.6396021306657629,
                    0.29999998130549455
                ]
            ],
            "intrinsic": [
                [
                    965.685424949238,
                    0.0,
                    400.0
                ],
                [
                    0.0,
                    965.685424949238,
                    400.0
                ],
                [
                    0.0,
                    0.0,
                    1.0
                ]
            ],
            "file_path": "dynamic_data_train/train0/r_0_12.png"
        },
        {
            "time": 0.5416666666666666,
            "c2w": [
                [
                    0.5547002332981347,
                    -0.5321811588161967,
                    0.6396020905540626,
                    0.2999999918538733
                ],
                [
                    0.8320503003693286,
                    0.35478745191855127,
                    -0.42640140897552603,
                    -0.3000000053146293
                ],
                [
                    -2.0128762401935783e-08,
                    0.7687061322723487,
                    0.6396021306657629,
                    0.29999998130549455
                ]
            ],
            "intrinsic": [
                [
                    965.685424949238,
                    0.0,
                    400.0
                ],
                [
                    0.0,
                    965.685424949238,
                    400.0
                ],
                [
                    0.0,
                    0.0,
                    1.0
                ]
            ],
            "file_path": "dynamic_data_train/train0/r_0_13.png"
        },
        {
            "time": 0.5833333333333333,
            "c2w": [
                [
                    0.5547002332981347,
                    -0.5321811588161967,
                    0.6396020905540626,
                    0.2999999918538733
                ],
                [
                    0.8320503003693286,
                    0.35478745191855127,
                    -0.42640140897552603,
                    -0.3000000053146293
                ],
                [
                    -2.0128762401935783e-08,
                    0.7687061322723487,
                    0.6396021306657629,
                    0.29999998130549455
                ]
            ],
            "intrinsic": [
                [
                    965.685424949238,
                    0.0,
                    400.0
                ],
                [
                    0.0,
                    965.685424949238,
                    400.0
                ],
                [
                    0.0,
                    0.0,
                    1.0
                ]
            ],
            "file_path": "dynamic_data_train/train0/r_0_14.png"
        },
        {
            "time": 0.625,
            "c2w": [
                [
                    0.5547002332981347,
                    -0.5321811588161967,
                    0.6396020905540626,
                    0.2999999918538733
                ],
                [
                    0.8320503003693286,
                    0.35478745191855127,
                    -0.42640140897552603,
                    -0.3000000053146293
                ],
                [
                    -2.0128762401935783e-08,
                    0.7687061322723487,
                    0.6396021306657629,
                    0.29999998130549455
                ]
            ],
            "intrinsic": [
                [
                    965.685424949238,
                    0.0,
                    400.0
                ],
                [
                    0.0,
                    965.685424949238,
                    400.0
                ],
                [
                    0.0,
                    0.0,
                    1.0
                ]
            ],
            "file_path": "dynamic_data_train/train0/r_0_15.png"
        },
        {
            "time": 0.6666666666666666,
            "c2w": [
                [
                    0.5547002332981347,
                    -0.5321811588161967,
                    0.6396020905540626,
                    0.2999999918538733
                ],
                [
                    0.8320503003693286,
                    0.35478745191855127,
                    -0.42640140897552603,
                    -0.3000000053146293
                ],
                [
                    -2.0128762401935783e-08,
                    0.7687061322723487,
                    0.6396021306657629,
                    0.29999998130549455
                ]
            ],
            "intrinsic": [
                [
                    965.685424949238,
                    0.0,
                    400.0
                ],
                [
                    0.0,
                    965.685424949238,
                    400.0
                ],
                [
                    0.0,
                    0.0,
                    1.0
                ]
            ],
            "file_path": "dynamic_data_train/train0/r_0_16.png"
        },
        {
            "time": 0.7083333333333333,
            "c2w": [
                [
                    0.5547002332981347,
                    -0.5321811588161967,
                    0.6396020905540626,
                    0.2999999918538733
                ],
                [
                    0.8320503003693286,
                    0.35478745191855127,
                    -0.42640140897552603,
                    -0.3000000053146293
                ],
                [
                    -2.0128762401935783e-08,
                    0.7687061322723487,
                    0.6396021306657629,
                    0.29999998130549455
                ]
            ],
            "intrinsic": [
                [
                    965.685424949238,
                    0.0,
                    400.0
                ],
                [
                    0.0,
                    965.685424949238,
                    400.0
                ],
                [
                    0.0,
                    0.0,
                    1.0
                ]
            ],
            "file_path": "dynamic_data_train/train0/r_0_17.png"
        },
        {
            "time": 0.75,
            "c2w": [
                [
                    0.5547002332981347,
                    -0.5321811588161967,
                    0.6396020905540626,
                    0.2999999918538733
                ],
                [
                    0.8320503003693286,
                    0.35478745191855127,
                    -0.42640140897552603,
                    -0.3000000053146293
                ],
                [
                    -2.0128762401935783e-08,
                    0.7687061322723487,
                    0.6396021306657629,
                    0.29999998130549455
                ]
            ],
            "intrinsic": [
                [
                    965.685424949238,
                    0.0,
                    400.0
                ],
                [
                    0.0,
                    965.685424949238,
                    400.0
                ],
                [
                    0.0,
                    0.0,
                    1.0
                ]
            ],
            "file_path": "dynamic_data_train/train0/r_0_18.png"
        },
        {
            "time": 0.7916666666666666,
            "c2w": [
                [
                    0.5547002332981347,
                    -0.5321811588161967,
                    0.6396020905540626,
                    0.2999999918538733
                ],
                [
                    0.8320503003693286,
                    0.35478745191855127,
                    -0.42640140897552603,
                    -0.3000000053146293
                ],
                [
                    -2.0128762401935783e-08,
                    0.7687061322723487,
                    0.6396021306657629,
                    0.29999998130549455
                ]
            ],
            "intrinsic": [
                [
                    965.685424949238,
                    0.0,
                    400.0
                ],
                [
                    0.0,
                    965.685424949238,
                    400.0
                ],
                [
                    0.0,
                    0.0,
                    1.0
                ]
            ],
            "file_path": "dynamic_data_train/train0/r_0_19.png"
        },
        {
            "time": 0.8333333333333333,
            "c2w": [
                [
                    0.5547002332981347,
                    -0.5321811588161967,
                    0.6396020905540626,
                    0.2999999918538733
                ],
                [
                    0.8320503003693286,
                    0.35478745191855127,
                    -0.42640140897552603,
                    -0.3000000053146293
                ],
                [
                    -2.0128762401935783e-08,
                    0.7687061322723487,
                    0.6396021306657629,
                    0.29999998130549455
                ]
            ],
            "intrinsic": [
                [
                    965.685424949238,
                    0.0,
                    400.0
                ],
                [
                    0.0,
                    965.685424949238,
                    400.0
                ],
                [
                    0.0,
                    0.0,
                    1.0
                ]
            ],
            "file_path": "dynamic_data_train/train0/r_0_20.png"
        },
        {
            "time": 0.875,
            "c2w": [
                [
                    0.5547002332981347,
                    -0.5321811588161967,
                    0.6396020905540626,
                    0.2999999918538733
                ],
                [
                    0.8320503003693286,
                    0.35478745191855127,
                    -0.42640140897552603,
                    -0.3000000053146293
                ],
                [
                    -2.0128762401935783e-08,
                    0.7687061322723487,
                    0.6396021306657629,
                    0.29999998130549455
                ]
            ],
            "intrinsic": [
                [
                    965.685424949238,
                    0.0,
                    400.0
                ],
                [
                    0.0,
                    965.685424949238,
                    400.0
                ],
                [
                    0.0,
                    0.0,
                    1.0
                ]
            ],
            "file_path": "dynamic_data_train/train0/r_0_21.png"
        },
        {
            "time": 0.9166666666666666,
            "c2w": [
                [
                    0.5547002332981347,
                    -0.5321811588161967,
                    0.6396020905540626,
                    0.2999999918538733
                ],
                [
                    0.8320503003693286,
                    0.35478745191855127,
                    -0.42640140897552603,
                    -0.3000000053146293
                ],
                [
                    -2.0128762401935783e-08,
                    0.7687061322723487,
                    0.6396021306657629,
                    0.29999998130549455
                ]
            ],
            "intrinsic": [
                [
                    965.685424949238,
                    0.0,
                    400.0
                ],
                [
                    0.0,
                    965.685424949238,
                    400.0
                ],
                [
                    0.0,
                    0.0,
                    1.0
                ]
            ],
            "file_path": "dynamic_data_train/train0/r_0_22.png"
        },
        {
            "time": 0.9583333333333333,
            "c2w": [
                [
                    0.5547002332981347,
                    -0.5321811588161967,
                    0.6396020905540626,
                    0.2999999918538733
                ],
                [
                    0.8320503003693286,
                    0.35478745191855127,
                    -0.42640140897552603,
                    -0.3000000053146293
                ],
                [
                    -2.0128762401935783e-08,
                    0.7687061322723487,
                    0.6396021306657629,
                    0.29999998130549455
                ]
            ],
            "intrinsic": [
                [
                    965.685424949238,
                    0.0,
                    400.0
                ],
                [
                    0.0,
                    965.685424949238,
                    400.0
                ],
                [
                    0.0,
                    0.0,
                    1.0
                ]
            ],
            "file_path": "dynamic_data_train/train0/r_0_23.png"
        },
        {
            "time": 1.0,
            "c2w": [
                [
                    0.5547002332981347,
                    -0.5321811588161967,
                    0.6396020905540626,
                    0.2999999918538733
                ],
                [
                    0.8320503003693286,
                    0.35478745191855127,
                    -0.42640140897552603,
                    -0.3000000053146293
                ],
                [
                    -2.0128762401935783e-08,
                    0.7687061322723487,
                    0.6396021306657629,
                    0.29999998130549455
                ]
            ],
            "intrinsic": [
                [
                    965.685424949238,
                    0.0,
                    400.0
                ],
                [
                    0.0,
                    965.685424949238,
                    400.0
                ],
                [
                    0.0,
                    0.0,
                    1.0
                ]
            ],
            "file_path": "dynamic_data_train/train0/r_0_24.png"
        },
        {
            "time": 1.0416666666666665,
            "c2w": [
                [
                    0.5547002332981347,
                    -0.5321811588161967,
                    0.6396020905540626,
                    0.2999999918538733
                ],
                [
                    0.8320503003693286,
                    0.35478745191855127,
                    -0.42640140897552603,
                    -0.3000000053146293
                ],
                [
                    -2.0128762401935783e-08,
                    0.7687061322723487,
                    0.6396021306657629,
                    0.29999998130549455
                ]
            ],
            "intrinsic": [
                [
                    965.685424949238,
                    0.0,
                    400.0
                ],
                [
                    0.0,
                    965.685424949238,
                    400.0
                ],
                [
                    0.0,
                    0.0,
                    1.0
                ]
            ],
            "file_path": "dynamic_data_train/train0/r_0_25.png"
        },
        {
            "time": 1.0833333333333333,
            "c2w": [
                [
                    0.5547002332981347,
                    -0.5321811588161967,
                    0.6396020905540626,
                    0.2999999918538733
                ],
                [
                    0.8320503003693286,
                    0.35478745191855127,
                    -0.42640140897552603,
                    -0.3000000053146293
                ],
                [
                    -2.0128762401935783e-08,
                    0.7687061322723487,
                    0.6396021306657629,
                    0.29999998130549455
                ]
            ],
            "intrinsic": [
                [
                    965.685424949238,
                    0.0,
                    400.0
                ],
                [
                    0.0,
                    965.685424949238,
                    400.0
                ],
                [
                    0.0,
                    0.0,
                    1.0
                ]
            ],
            "file_path": "dynamic_data_train/train0/r_0_26.png"
        },
        {
            "time": 1.125,
            "c2w": [
                [
                    0.5547002332981347,
                    -0.5321811588161967,
                    0.6396020905540626,
                    0.2999999918538733
                ],
                [
                    0.8320503003693286,
                    0.35478745191855127,
                    -0.42640140897552603,
                    -0.3000000053146293
                ],
                [
                    -2.0128762401935783e-08,
                    0.7687061322723487,
                    0.6396021306657629,
                    0.29999998130549455
                ]
            ],
            "intrinsic": [
                [
                    965.685424949238,
                    0.0,
                    400.0
                ],
                [
                    0.0,
                    965.685424949238,
                    400.0
                ],
                [
                    0.0,
                    0.0,
                    1.0
                ]
            ],
            "file_path": "dynamic_data_train/train0/r_0_27.png"
        },
        {
            "time": 1.1666666666666665,
            "c2w": [
                [
                    0.5547002332981347,
                    -0.5321811588161967,
                    0.6396020905540626,
                    0.2999999918538733
                ],
                [
                    0.8320503003693286,
                    0.35478745191855127,
                    -0.42640140897552603,
                    -0.3000000053146293
                ],
                [
                    -2.0128762401935783e-08,
                    0.7687061322723487,
                    0.6396021306657629,
                    0.29999998130549455
                ]
            ],
            "intrinsic": [
                [
                    965.685424949238,
                    0.0,
                    400.0
                ],
                [
                    0.0,
                    965.685424949238,
                    400.0
                ],
                [
                    0.0,
                    0.0,
                    1.0
                ]
            ],
            "file_path": "dynamic_data_train/train0/r_0_28.png"
        },
        {
            "time": 1.2083333333333333,
            "c2w": [
                [
                    0.5547002332981347,
                    -0.5321811588161967,
                    0.6396020905540626,
                    0.2999999918538733
                ],
                [
                    0.8320503003693286,
                    0.35478745191855127,
                    -0.42640140897552603,
                    -0.3000000053146293
                ],
                [
                    -2.0128762401935783e-08,
                    0.7687061322723487,
                    0.6396021306657629,
                    0.29999998130549455
                ]
            ],
            "intrinsic": [
                [
                    965.685424949238,
                    0.0,
                    400.0
                ],
                [
                    0.0,
                    965.685424949238,
                    400.0
                ],
                [
                    0.0,
                    0.0,
                    1.0
                ]
            ],
            "file_path": "dynamic_data_train/train0/r_0_29.png"
        },
        {
            "time": 1.25,
            "c2w": [
                [
                    0.5547002332981347,
                    -0.5321811588161967,
                    0.6396020905540626,
                    0.2999999918538733
                ],
                [
                    0.8320503003693286,
                    0.35478745191855127,
                    -0.42640140897552603,
                    -0.3000000053146293
                ],
                [
                    -2.0128762401935783e-08,
                    0.7687061322723487,
                    0.6396021306657629,
                    0.29999998130549455
                ]
            ],
            "intrinsic": [
                [
                    965.685424949238,
                    0.0,
                    400.0
                ],
                [
                    0.0,
                    965.685424949238,
                    400.0
                ],
                [
                    0.0,
                    0.0,
                    1.0
                ]
            ],
            "file_path": "dynamic_data_train/train0/r_0_30.png"
        },
        {
            "time": 1.2916666666666665,
            "c2w": [
                [
                    0.5547002332981347,
                    -0.5321811588161967,
                    0.6396020905540626,
                    0.2999999918538733
                ],
                [
                    0.8320503003693286,
                    0.35478745191855127,
                    -0.42640140897552603,
                    -0.3000000053146293
                ],
                [
                    -2.0128762401935783e-08,
                    0.7687061322723487,
                    0.6396021306657629,
                    0.29999998130549455
                ]
            ],
            "intrinsic": [
                [
                    965.685424949238,
                    0.0,
                    400.0
                ],
                [
                    0.0,
                    965.685424949238,
                    400.0
                ],
                [
                    0.0,
                    0.0,
                    1.0
                ]
            ],
            "file_path": "dynamic_data_train/train0/r_0_31.png"
        },
        {
            "time": -0.041666666666666664,
            "c2w": [
                [
                    0.5547002332981347,
                    -0.5321811588161967,
                    0.6396020905540626,
                    0.2999999918538733
                ],
                [
                    0.8320503003693286,
                    0.35478745191855127,
                    -0.42640140897552603,
                    -0.3000000053146293
                ],
                [
                    -2.0128762401935783e-08,
                    0.7687061322723487,
                    0.6396021306657629,
                    0.29999998130549455
                ]
            ],
            "intrinsic": [
                [
                    965.685424949238,
                    0.0,
                    400.0
                ],
                [
                    0.0,
                    965.685424949238,
                    400.0
                ],
                [
                    0.0,
                    0.0,
                    1.0
                ]
            ],
            "file_path": "dynamic_data_train/train0/r_0_-1.png"
        }
    ],
    "pose_datas": [
        [
            0.0,
            0.0,
            0.025,
            0.0,
            0.0,
            0.0,
            1.0
        ],
        [
            -0.005919381981545861,
            -0.000158222038679413,
            0.026226773112006548,
            0.0001733239311959599,
            -0.0007235324677950384,
            0.03898395639203313,
            0.9992395596670535
        ],
        [
            -0.013837916949148328,
            -0.0003305861417491672,
            0.026700171893989162,
            -0.0004530091732310209,
            0.0005324641772456443,
            0.09133962913971093,
            0.9958195536407232
        ],
        [
            -0.021348614509034088,
            -0.0004037609628566378,
            0.026957892038114727,
            -0.0004223453297604534,
            0.0004214754518032092,
            0.14061367400027913,
            0.9900643608710543
        ],
        [
            -0.02846242871304315,
            -0.0003582770006183239,
            0.02707837807740699,
            -0.00039973900553021423,
            0.000349607090291971,
            0.18661321027040664,
            0.9824333197404203
        ],
        [
            -0.0351925221549316,
            -0.00017485954445500937,
            0.027120880381997534,
            -0.00041863287870927694,
            0.0003240195561111603,
            0.22920618620606625,
            0.9733777498806464
        ],
        [
            -0.04154001620561572,
            0.00015961395584415824,
            0.027257276410501068,
